4,84,3.8345945789250995,0.8428212634952773,4.056752479223265
5,65,4.488806944713127,0.9828244664016126,4.773443954545781
6,46,4.585558426021438,1.1148612831977196,4.865689879681891
7,67,3.6809224306227097,1.4433278389867559,4.158442719920499
8,68,2.3383628541699033,1.4921837522539663,3.2437404373889827
9,89,2.759553967620903,0.6327863623942521,3.6401611781302954
10,109,3.651027198722523,0.9149662905584751,4.792119444072739
11,129,4.138568512208163,0.9535406840878189,5.313970654799882
12,150,3.067213906964371,1.776093098240977,4.528990184394242
13,170,3.891781298178587,-0.1475594258823556,5.541640282098378
14,191,5.459260034737408,1.4598563650328502,7.930548904522684
15,212,4.632161988316508,0.9534727826036183,7.245107345727497
16,233,6.290576661381724,0.41805463338313076,9.66345444361918
17,253,7.282366435282944,1.3098180284582626,10.81144387108575
18,273,5.911508181657227,1.111822311050439,9.679270582376962
19,293,4.781402754778407,1.339475185616076,8.757223847196402
20,312,3.704127786167261,1.2647126624123353,7.929883400594799
21,332,1.1514564412504984,2.3624467698676233,6.52235147784598
22,353,1.4285153197273768,1.803388709600815,6.655366273961851
23,354,1.9517395065533032,0.32155197820434545,7.147826312803088
24,355,3.1582278489039877,0.6926860003551759,9.526929379056252
25,336,4.950326317479015,0.3083227108051819,13.107514539993858
26,357,7.05790185902538,0.9085384566782211,16.5714685190744
