4,84,3.006786353875991,1.1358616877575254,3.1424136343771405
5,65,3.3883686216964204,0.9046491147417135,3.5164202481652795
6,46,4.381549818275657,0.695561078079028,4.757733671908099
7,67,3.8971021179520395,1.6927483916220791,4.352051153399101
8,68,0.9242849458362561,2.066775453814089,2.7705651491410874
9,89,1.79791728915321,0.8535006284880003,3.3688868959180285
10,109,2.4900904236439203,0.8472738659203329,4.182837407013274
11,129,2.2412313399547665,1.732579127261932,3.989912395900773
12,150,1.8522048753108935,1.339425631806427,3.7366403503445333
13,170,1.9931920852274434,1.1315014877706948,3.8507572004932165
14,191,2.021730054259251,1.655663468731452,3.8712353347100175
15,212,1.9397742574389754,1.2506196884854872,3.814836290028661
16,233,1.758502610005508,1.8785815926704124,3.698978196447345
17,253,2.0658365099077454,0.4101616026271473,3.9675394754354674
18,273,3.015594050916422,0.9714190757653163,5.342424859781991
19,293,2.8650453355683894,1.371297981414212,5.213899978907744
20,312,2.4801563522450287,1.312052552961695,4.927028041460423
21,332,2.0926008738812047,1.401413724771474,4.641374608768723
22,353,1.7466768377866502,1.76672502124375,4.422997786396505
23,354,1.933636615184002,0.7116755701682368,4.573869100779817
24,355,2.0219257012110172,1.7784808449650122,4.644779574909443
25,336,2.306998764076371,0.6450395761829156,4.880034916995916
26,357,3.9932834779973465,0.07403865400008947,9.570163593236932
